{
  "nbformat": 4,
  "nbformat_minor": 0,
  "metadata": {
    "colab": {
      "name": "Multivariate_Exam.ipynb",
      "provenance": [],
      "include_colab_link": true
    },
    "kernelspec": {
      "name": "python3",
      "display_name": "Python 3"
    },
    "language_info": {
      "name": "python"
    }
  },
  "cells": [
    {
      "cell_type": "markdown",
      "metadata": {
        "id": "view-in-github",
        "colab_type": "text"
      },
      "source": [
        "<a href=\"https://colab.research.google.com/github/naruemonssp/multivariate/blob/main/Multivariate_Exam.ipynb\" target=\"_parent\"><img src=\"https://colab.research.google.com/assets/colab-badge.svg\" alt=\"Open In Colab\"/></a>"
      ]
    },
    {
      "cell_type": "markdown",
      "metadata": {
        "id": "JZxiNADfaDtv"
      },
      "source": [
        "ให้นักศึกษาทำข้อสอบใน Colab Notebook นี้โดยกรอกข้อมูลของตัวเองใน cell ที่ 2 แล้วรัน cell ที่ 1 - 5 และเริ่มทำข้อสอบใน cell ที่ 6 เป็นต้นไป\n",
        "\n",
        "โดยโจทย์คือ\n",
        "1. ข้อมูลโจทย์ อยู่ใน ตัวแปร ```Data```\n",
        "2. ทำ clustering แล้วทำ visualize ข้อมูลแบบ 2 มิติ\n",
        "3. ลด Dimension ของข้อมูลเหลือ 2 มิติ แล้วทำ clustering แล้ว visualize ข้อมูลแบบ 2 มิติ\n",
        "4. เปรียบเทียบความแตกต่างของผลข้อ 2. กับ ข้อ 3.\n",
        "5. เขียน comments อธิบายทุกขั้นตอน\n",
        "6. อัด video อธิบาย code ทุกๆขั้นตอนรวมถึงผลแล้วอัพลง youtube ในรูปแบบ unlist \n",
        "7. commit โดยใช้ชื่อ commit เป็น link youtube ที่อธิบาย code ในข้อ 6.\n",
        "\n",
        "กำหนดส่งวันที่ 2 พฤษภาคม 2564 (โดยให้มากรอกวันที่ commit ครั้งสุดท้ายใน sheet: https://docs.google.com/spreadsheets/d/1_qJwLDJVtOW1HxBcf_FHVc6UT4J_SOonuR6o3EEnVzw/edit?usp=sharing ช่อง Final)"
      ]
    },
    {
      "cell_type": "code",
      "metadata": {
        "id": "W34211IR5OtK"
      },
      "source": [
        ""
      ],
      "execution_count": 4,
      "outputs": []
    },
    {
      "cell_type": "code",
      "metadata": {
        "id": "cWl2x1bPGtQl"
      },
      "source": [
        "from sklearn.datasets import make_blobs\n",
        "import random,math\n",
        "import numpy as np\n",
        "import pandas"
      ],
      "execution_count": 5,
      "outputs": []
    },
    {
      "cell_type": "code",
      "metadata": {
        "id": "gZfzuiHsZksh"
      },
      "source": [
        "Name = 'นฤมล ไสยโสภณ'\n",
        "ID = '6230210506'"
      ],
      "execution_count": 6,
      "outputs": []
    },
    {
      "cell_type": "code",
      "metadata": {
        "id": "8hFQXkF5aAiA"
      },
      "source": [
        "def DataGenerator(name,id):\n",
        "    random.seed(int(id[3:6]))\n",
        "    numfeat = random.randint(20,30)\n",
        "    ct = random.randint(len(name)-6,len(name))\n",
        "    \n",
        "    X, y = make_blobs(n_samples=10000, centers=ct, n_features=numfeat , random_state=int(id[3:6]))\n",
        "\n",
        "    print(f'{id[3:6]}:{numfeat}:{ct}')\n",
        "    X_t = (X[:,1]*2)+int(id[3])\n",
        "    X_t2 = (X[:,-1]*5)+int(id[4])\n",
        "\n",
        "    DT = np.append(X,X_t.reshape([10000,1]),axis=1)\n",
        "    DT = np.append(DT,X_t2.reshape([10000,1]),axis=1)\n",
        "    \n",
        "    return pandas.DataFrame(DT)"
      ],
      "execution_count": 7,
      "outputs": []
    },
    {
      "cell_type": "code",
      "metadata": {
        "colab": {
          "base_uri": "https://localhost:8080/"
        },
        "id": "hbXlxumSBX9i",
        "outputId": "d4a5965b-355e-4936-e847-10627923fdb3"
      },
      "source": [
        "Data = DataGenerator(Name,ID)"
      ],
      "execution_count": 8,
      "outputs": [
        {
          "output_type": "stream",
          "text": [
            "021:22:9\n"
          ],
          "name": "stdout"
        }
      ]
    },
    {
      "cell_type": "code",
      "metadata": {
        "colab": {
          "base_uri": "https://localhost:8080/",
          "height": 426
        },
        "id": "pQcCySXvBdN-",
        "outputId": "634f59d5-2df4-49d9-a003-a102a337d297"
      },
      "source": [
        "Data"
      ],
      "execution_count": 9,
      "outputs": [
        {
          "output_type": "execute_result",
          "data": {
            "text/html": [
              "<div>\n",
              "<style scoped>\n",
              "    .dataframe tbody tr th:only-of-type {\n",
              "        vertical-align: middle;\n",
              "    }\n",
              "\n",
              "    .dataframe tbody tr th {\n",
              "        vertical-align: top;\n",
              "    }\n",
              "\n",
              "    .dataframe thead th {\n",
              "        text-align: right;\n",
              "    }\n",
              "</style>\n",
              "<table border=\"1\" class=\"dataframe\">\n",
              "  <thead>\n",
              "    <tr style=\"text-align: right;\">\n",
              "      <th></th>\n",
              "      <th>0</th>\n",
              "      <th>1</th>\n",
              "      <th>2</th>\n",
              "      <th>3</th>\n",
              "      <th>4</th>\n",
              "      <th>5</th>\n",
              "      <th>6</th>\n",
              "      <th>7</th>\n",
              "      <th>8</th>\n",
              "      <th>9</th>\n",
              "      <th>10</th>\n",
              "      <th>11</th>\n",
              "      <th>12</th>\n",
              "      <th>13</th>\n",
              "      <th>14</th>\n",
              "      <th>15</th>\n",
              "      <th>16</th>\n",
              "      <th>17</th>\n",
              "      <th>18</th>\n",
              "      <th>19</th>\n",
              "      <th>20</th>\n",
              "      <th>21</th>\n",
              "      <th>22</th>\n",
              "      <th>23</th>\n",
              "    </tr>\n",
              "  </thead>\n",
              "  <tbody>\n",
              "    <tr>\n",
              "      <th>0</th>\n",
              "      <td>-1.881603</td>\n",
              "      <td>9.411944</td>\n",
              "      <td>-4.342886</td>\n",
              "      <td>5.562642</td>\n",
              "      <td>7.800577</td>\n",
              "      <td>3.998415</td>\n",
              "      <td>-4.045929</td>\n",
              "      <td>9.552826</td>\n",
              "      <td>-1.797809</td>\n",
              "      <td>7.805792</td>\n",
              "      <td>-6.023139</td>\n",
              "      <td>8.635101</td>\n",
              "      <td>5.608695</td>\n",
              "      <td>-9.909453</td>\n",
              "      <td>4.671751</td>\n",
              "      <td>-4.910691</td>\n",
              "      <td>1.217678</td>\n",
              "      <td>-1.470273</td>\n",
              "      <td>-7.055799</td>\n",
              "      <td>6.219112</td>\n",
              "      <td>7.856466</td>\n",
              "      <td>2.143747</td>\n",
              "      <td>18.823887</td>\n",
              "      <td>12.718734</td>\n",
              "    </tr>\n",
              "    <tr>\n",
              "      <th>1</th>\n",
              "      <td>9.433821</td>\n",
              "      <td>8.617652</td>\n",
              "      <td>5.074457</td>\n",
              "      <td>-1.021238</td>\n",
              "      <td>9.078507</td>\n",
              "      <td>6.286086</td>\n",
              "      <td>-9.123438</td>\n",
              "      <td>3.400003</td>\n",
              "      <td>3.551891</td>\n",
              "      <td>0.743093</td>\n",
              "      <td>-3.326521</td>\n",
              "      <td>-3.841738</td>\n",
              "      <td>-3.707980</td>\n",
              "      <td>3.709583</td>\n",
              "      <td>4.177034</td>\n",
              "      <td>-5.714455</td>\n",
              "      <td>4.130007</td>\n",
              "      <td>6.188874</td>\n",
              "      <td>4.667649</td>\n",
              "      <td>-4.283802</td>\n",
              "      <td>-3.382692</td>\n",
              "      <td>-3.973363</td>\n",
              "      <td>17.235304</td>\n",
              "      <td>-17.866816</td>\n",
              "    </tr>\n",
              "    <tr>\n",
              "      <th>2</th>\n",
              "      <td>0.980557</td>\n",
              "      <td>-4.642101</td>\n",
              "      <td>6.926628</td>\n",
              "      <td>-3.966062</td>\n",
              "      <td>-5.860501</td>\n",
              "      <td>-4.114735</td>\n",
              "      <td>4.268533</td>\n",
              "      <td>-4.183575</td>\n",
              "      <td>-5.296802</td>\n",
              "      <td>6.506682</td>\n",
              "      <td>1.386883</td>\n",
              "      <td>5.283863</td>\n",
              "      <td>7.922392</td>\n",
              "      <td>-4.405592</td>\n",
              "      <td>-1.233136</td>\n",
              "      <td>-5.672375</td>\n",
              "      <td>10.063914</td>\n",
              "      <td>5.185696</td>\n",
              "      <td>3.296712</td>\n",
              "      <td>-6.498706</td>\n",
              "      <td>7.878489</td>\n",
              "      <td>-10.221365</td>\n",
              "      <td>-9.284201</td>\n",
              "      <td>-49.106824</td>\n",
              "    </tr>\n",
              "    <tr>\n",
              "      <th>3</th>\n",
              "      <td>9.838230</td>\n",
              "      <td>-6.300094</td>\n",
              "      <td>-6.253008</td>\n",
              "      <td>6.011220</td>\n",
              "      <td>-3.681884</td>\n",
              "      <td>4.199132</td>\n",
              "      <td>7.278453</td>\n",
              "      <td>-8.394967</td>\n",
              "      <td>6.648216</td>\n",
              "      <td>-9.720861</td>\n",
              "      <td>0.758025</td>\n",
              "      <td>-0.598839</td>\n",
              "      <td>2.603040</td>\n",
              "      <td>6.939036</td>\n",
              "      <td>-9.705027</td>\n",
              "      <td>-8.683319</td>\n",
              "      <td>2.861638</td>\n",
              "      <td>5.280279</td>\n",
              "      <td>-6.775540</td>\n",
              "      <td>0.813157</td>\n",
              "      <td>-8.257090</td>\n",
              "      <td>-1.509307</td>\n",
              "      <td>-12.600188</td>\n",
              "      <td>-5.546535</td>\n",
              "    </tr>\n",
              "    <tr>\n",
              "      <th>4</th>\n",
              "      <td>10.540299</td>\n",
              "      <td>8.507117</td>\n",
              "      <td>1.949175</td>\n",
              "      <td>-5.159566</td>\n",
              "      <td>-6.149086</td>\n",
              "      <td>-2.290746</td>\n",
              "      <td>-7.040027</td>\n",
              "      <td>0.246155</td>\n",
              "      <td>-4.875559</td>\n",
              "      <td>-6.533339</td>\n",
              "      <td>-7.987104</td>\n",
              "      <td>-3.704099</td>\n",
              "      <td>2.442758</td>\n",
              "      <td>-3.297889</td>\n",
              "      <td>0.265307</td>\n",
              "      <td>-5.289976</td>\n",
              "      <td>-8.586628</td>\n",
              "      <td>-8.738220</td>\n",
              "      <td>-5.583312</td>\n",
              "      <td>-3.665500</td>\n",
              "      <td>-7.279665</td>\n",
              "      <td>5.147229</td>\n",
              "      <td>17.014233</td>\n",
              "      <td>27.736145</td>\n",
              "    </tr>\n",
              "    <tr>\n",
              "      <th>...</th>\n",
              "      <td>...</td>\n",
              "      <td>...</td>\n",
              "      <td>...</td>\n",
              "      <td>...</td>\n",
              "      <td>...</td>\n",
              "      <td>...</td>\n",
              "      <td>...</td>\n",
              "      <td>...</td>\n",
              "      <td>...</td>\n",
              "      <td>...</td>\n",
              "      <td>...</td>\n",
              "      <td>...</td>\n",
              "      <td>...</td>\n",
              "      <td>...</td>\n",
              "      <td>...</td>\n",
              "      <td>...</td>\n",
              "      <td>...</td>\n",
              "      <td>...</td>\n",
              "      <td>...</td>\n",
              "      <td>...</td>\n",
              "      <td>...</td>\n",
              "      <td>...</td>\n",
              "      <td>...</td>\n",
              "      <td>...</td>\n",
              "    </tr>\n",
              "    <tr>\n",
              "      <th>9995</th>\n",
              "      <td>10.036314</td>\n",
              "      <td>-3.854634</td>\n",
              "      <td>-5.393116</td>\n",
              "      <td>5.008217</td>\n",
              "      <td>-2.488090</td>\n",
              "      <td>5.787910</td>\n",
              "      <td>7.529876</td>\n",
              "      <td>-9.176687</td>\n",
              "      <td>5.580525</td>\n",
              "      <td>-9.361296</td>\n",
              "      <td>0.986011</td>\n",
              "      <td>-2.809454</td>\n",
              "      <td>4.679698</td>\n",
              "      <td>5.189085</td>\n",
              "      <td>-8.989469</td>\n",
              "      <td>-9.672496</td>\n",
              "      <td>-0.967589</td>\n",
              "      <td>2.647678</td>\n",
              "      <td>-7.028767</td>\n",
              "      <td>3.035921</td>\n",
              "      <td>-6.023779</td>\n",
              "      <td>0.012386</td>\n",
              "      <td>-7.709268</td>\n",
              "      <td>2.061930</td>\n",
              "    </tr>\n",
              "    <tr>\n",
              "      <th>9996</th>\n",
              "      <td>-2.678474</td>\n",
              "      <td>10.180040</td>\n",
              "      <td>-3.464937</td>\n",
              "      <td>3.733505</td>\n",
              "      <td>8.633155</td>\n",
              "      <td>3.786733</td>\n",
              "      <td>-5.122200</td>\n",
              "      <td>10.716305</td>\n",
              "      <td>-1.746491</td>\n",
              "      <td>8.948149</td>\n",
              "      <td>-6.050748</td>\n",
              "      <td>9.992007</td>\n",
              "      <td>6.670212</td>\n",
              "      <td>-8.662606</td>\n",
              "      <td>2.563910</td>\n",
              "      <td>-5.442562</td>\n",
              "      <td>-0.376598</td>\n",
              "      <td>0.977116</td>\n",
              "      <td>-8.668677</td>\n",
              "      <td>7.313801</td>\n",
              "      <td>9.668899</td>\n",
              "      <td>0.306719</td>\n",
              "      <td>20.360080</td>\n",
              "      <td>3.533595</td>\n",
              "    </tr>\n",
              "    <tr>\n",
              "      <th>9997</th>\n",
              "      <td>7.823314</td>\n",
              "      <td>1.338850</td>\n",
              "      <td>5.474055</td>\n",
              "      <td>5.741563</td>\n",
              "      <td>5.308175</td>\n",
              "      <td>7.548699</td>\n",
              "      <td>4.071311</td>\n",
              "      <td>-1.263786</td>\n",
              "      <td>-3.785984</td>\n",
              "      <td>6.689484</td>\n",
              "      <td>-7.254978</td>\n",
              "      <td>-1.352088</td>\n",
              "      <td>-5.288322</td>\n",
              "      <td>1.857054</td>\n",
              "      <td>7.125861</td>\n",
              "      <td>-3.865123</td>\n",
              "      <td>6.536886</td>\n",
              "      <td>5.549979</td>\n",
              "      <td>2.655021</td>\n",
              "      <td>-4.640828</td>\n",
              "      <td>3.455193</td>\n",
              "      <td>-3.559978</td>\n",
              "      <td>2.677701</td>\n",
              "      <td>-15.799888</td>\n",
              "    </tr>\n",
              "    <tr>\n",
              "      <th>9998</th>\n",
              "      <td>10.138508</td>\n",
              "      <td>-2.805032</td>\n",
              "      <td>-3.973135</td>\n",
              "      <td>6.524387</td>\n",
              "      <td>-4.350824</td>\n",
              "      <td>2.541453</td>\n",
              "      <td>8.967009</td>\n",
              "      <td>-7.444265</td>\n",
              "      <td>7.295127</td>\n",
              "      <td>-9.336576</td>\n",
              "      <td>0.996836</td>\n",
              "      <td>-0.301049</td>\n",
              "      <td>3.832208</td>\n",
              "      <td>4.750878</td>\n",
              "      <td>-8.571834</td>\n",
              "      <td>-6.484812</td>\n",
              "      <td>2.077480</td>\n",
              "      <td>3.793931</td>\n",
              "      <td>-7.342523</td>\n",
              "      <td>1.009807</td>\n",
              "      <td>-6.344602</td>\n",
              "      <td>1.691833</td>\n",
              "      <td>-5.610064</td>\n",
              "      <td>10.459167</td>\n",
              "    </tr>\n",
              "    <tr>\n",
              "      <th>9999</th>\n",
              "      <td>9.155762</td>\n",
              "      <td>7.953514</td>\n",
              "      <td>4.051087</td>\n",
              "      <td>-1.097649</td>\n",
              "      <td>8.286232</td>\n",
              "      <td>5.191434</td>\n",
              "      <td>-9.675812</td>\n",
              "      <td>2.352870</td>\n",
              "      <td>1.851238</td>\n",
              "      <td>1.600764</td>\n",
              "      <td>0.509249</td>\n",
              "      <td>-4.414975</td>\n",
              "      <td>-4.511740</td>\n",
              "      <td>5.717425</td>\n",
              "      <td>3.444914</td>\n",
              "      <td>-7.842159</td>\n",
              "      <td>3.890951</td>\n",
              "      <td>5.612898</td>\n",
              "      <td>6.274257</td>\n",
              "      <td>-4.679968</td>\n",
              "      <td>-3.228370</td>\n",
              "      <td>-4.384112</td>\n",
              "      <td>15.907027</td>\n",
              "      <td>-19.920560</td>\n",
              "    </tr>\n",
              "  </tbody>\n",
              "</table>\n",
              "<p>10000 rows × 24 columns</p>\n",
              "</div>"
            ],
            "text/plain": [
              "             0          1         2   ...         21         22         23\n",
              "0     -1.881603   9.411944 -4.342886  ...   2.143747  18.823887  12.718734\n",
              "1      9.433821   8.617652  5.074457  ...  -3.973363  17.235304 -17.866816\n",
              "2      0.980557  -4.642101  6.926628  ... -10.221365  -9.284201 -49.106824\n",
              "3      9.838230  -6.300094 -6.253008  ...  -1.509307 -12.600188  -5.546535\n",
              "4     10.540299   8.507117  1.949175  ...   5.147229  17.014233  27.736145\n",
              "...         ...        ...       ...  ...        ...        ...        ...\n",
              "9995  10.036314  -3.854634 -5.393116  ...   0.012386  -7.709268   2.061930\n",
              "9996  -2.678474  10.180040 -3.464937  ...   0.306719  20.360080   3.533595\n",
              "9997   7.823314   1.338850  5.474055  ...  -3.559978   2.677701 -15.799888\n",
              "9998  10.138508  -2.805032 -3.973135  ...   1.691833  -5.610064  10.459167\n",
              "9999   9.155762   7.953514  4.051087  ...  -4.384112  15.907027 -19.920560\n",
              "\n",
              "[10000 rows x 24 columns]"
            ]
          },
          "metadata": {
            "tags": []
          },
          "execution_count": 9
        }
      ]
    },
    {
      "cell_type": "markdown",
      "metadata": {
        "id": "gdizlEAA45SY"
      },
      "source": [
        "เตรียมข้อมูลก่อนที่จะนำไปใช้ โดยการตัดตัวที่มี correlation กันออกไปก่อน เพื่อลดข้อมูลที่เหมือนกันออกจาก  Data"
      ]
    },
    {
      "cell_type": "code",
      "metadata": {
        "id": "jUARadkFEuyJ",
        "colab": {
          "base_uri": "https://localhost:8080/"
        },
        "outputId": "91e6af2d-f9d7-4515-ad4f-166a98a96e8e"
      },
      "source": [
        "Data.shape ###ดูขนาดของข้อมูล Data"
      ],
      "execution_count": 10,
      "outputs": [
        {
          "output_type": "execute_result",
          "data": {
            "text/plain": [
              "(10000, 24)"
            ]
          },
          "metadata": {
            "tags": []
          },
          "execution_count": 10
        }
      ]
    },
    {
      "cell_type": "code",
      "metadata": {
        "id": "Usi9AT9K47OR"
      },
      "source": [
        "corr=np.corrcoef(Data.to_numpy().T) ###คำสั่งในการสร้างเมทริกซ์สหสัมพันธ์"
      ],
      "execution_count": 11,
      "outputs": []
    },
    {
      "cell_type": "code",
      "metadata": {
        "id": "PM7UWkBl48US",
        "outputId": "377b3afe-db91-446d-8e76-a8a73120e390",
        "colab": {
          "base_uri": "https://localhost:8080/"
        }
      },
      "source": [
        "corr.shape ###ดูขนาดของ corrcoef ของ Data"
      ],
      "execution_count": 12,
      "outputs": [
        {
          "output_type": "execute_result",
          "data": {
            "text/plain": [
              "(24, 24)"
            ]
          },
          "metadata": {
            "tags": []
          },
          "execution_count": 12
        }
      ]
    },
    {
      "cell_type": "code",
      "metadata": {
        "id": "IfiW-gCX4--Y",
        "outputId": "971919e9-440b-4af0-d75f-d7f8fc3dc89e",
        "colab": {
          "base_uri": "https://localhost:8080/"
        }
      },
      "source": [
        "corr ###ค่าสหสัมพันธ์ที่ได้"
      ],
      "execution_count": 13,
      "outputs": [
        {
          "output_type": "execute_result",
          "data": {
            "text/plain": [
              "array([[ 1.        ,  0.10508988, -0.2116526 ,  0.29402071,  0.14366837,\n",
              "         0.63936194,  0.16149901, -0.24170563,  0.43401815, -0.4028951 ,\n",
              "         0.20433323, -0.46265514, -0.00848489,  0.44800965, -0.10592164,\n",
              "        -0.60336114, -0.24780171, -0.33941049, -0.11798696, -0.21637978,\n",
              "        -0.43600068, -0.21902398,  0.10508988, -0.21902398],\n",
              "       [ 0.10508988,  1.        , -0.02721361,  0.0826152 ,  0.50937973,\n",
              "         0.17855389, -0.71902122,  0.52319528, -0.16575458,  0.06344413,\n",
              "        -0.19237659, -0.31934074,  0.09220603,  0.01541256,  0.41936907,\n",
              "        -0.15324556, -0.48012562, -0.5312121 , -0.35444757,  0.07731445,\n",
              "         0.02469446,  0.33651414,  1.        ,  0.33651414],\n",
              "       [-0.2116526 , -0.02721361,  1.        , -0.17023656, -0.1720332 ,\n",
              "        -0.43857908, -0.08162385, -0.13579729, -0.61411149,  0.12017693,\n",
              "         0.21188154, -0.15427193, -0.06363363,  0.00580475,  0.709806  ,\n",
              "         0.20915105,  0.20523298,  0.11451189,  0.68955662, -0.61317989,\n",
              "         0.30926817, -0.14170123, -0.02721361, -0.14170123],\n",
              "       [ 0.29402071,  0.0826152 , -0.17023656,  1.        ,  0.48814435,\n",
              "         0.51286863,  0.47948648, -0.21921108,  0.37506546,  0.03733844,\n",
              "         0.30955951, -0.17239695,  0.28227003,  0.3623095 ,  0.20299922,\n",
              "        -0.58931263,  0.07681964,  0.00608607, -0.35074307,  0.47218001,\n",
              "         0.36745869, -0.14378853,  0.0826152 , -0.14378853],\n",
              "       [ 0.14366837,  0.50937973, -0.1720332 ,  0.48814435,  1.        ,\n",
              "         0.6965154 , -0.33525805,  0.54975356,  0.18711735,  0.53312175,\n",
              "        -0.26949697, -0.09188518, -0.30241257,  0.23037188,  0.36825203,\n",
              "        -0.19614106,  0.26645013,  0.21924296, -0.04650903,  0.22355546,\n",
              "         0.37933559, -0.12844095,  0.50937973, -0.12844095],\n",
              "       [ 0.63936194,  0.17855389, -0.43857908,  0.51286863,  0.6965154 ,\n",
              "         1.        ,  0.05808569,  0.16370579,  0.41827213,  0.26578998,\n",
              "        -0.20979262, -0.2278478 , -0.24697424,  0.3657338 , -0.05879918,\n",
              "        -0.44776404,  0.17564417,  0.08403483, -0.19103437,  0.08698205,\n",
              "         0.05952822, -0.27460546,  0.17855389, -0.27460546],\n",
              "       [ 0.16149901, -0.71902122, -0.08162385,  0.47948648, -0.33525805,\n",
              "         0.05808569,  1.        , -0.62502676,  0.23555477, -0.17472838,\n",
              "         0.39470948,  0.21494798,  0.33316815,  0.01462417, -0.2300054 ,\n",
              "        -0.31214395,  0.17723835,  0.13148664, -0.06863958,  0.24244737,\n",
              "         0.15264288, -0.27575018, -0.71902122, -0.27575018],\n",
              "       [-0.24170563,  0.52319528, -0.13579729, -0.21921108,  0.54975356,\n",
              "         0.16370579, -0.62502676,  1.        , -0.2510278 ,  0.48954923,\n",
              "        -0.64570319,  0.42433597, -0.34346882, -0.5015025 ,  0.31595959,\n",
              "         0.35710771, -0.08324256, -0.05329606,  0.02840647,  0.21551391,\n",
              "         0.18754333,  0.26008817,  0.52319528,  0.26008817],\n",
              "       [ 0.43401815, -0.16575458, -0.61411149,  0.37506546,  0.18711735,\n",
              "         0.41827213,  0.23555477, -0.2510278 ,  1.        , -0.3918393 ,\n",
              "         0.30662046, -0.17015267, -0.03655708,  0.53224188, -0.54664648,\n",
              "        -0.40888896,  0.06054248,  0.17464148, -0.2818802 ,  0.36410432,\n",
              "        -0.42267708, -0.16846711, -0.16575458, -0.16846711],\n",
              "       [-0.4028951 ,  0.06344413,  0.12017693,  0.03733844,  0.53312175,\n",
              "         0.26578998, -0.17472838,  0.48954923, -0.3918393 ,  1.        ,\n",
              "        -0.41188435,  0.33907438, -0.20278915, -0.27251902,  0.31434142,\n",
              "         0.15948115,  0.62104105,  0.47352728,  0.23770458, -0.02531781,\n",
              "         0.78883315, -0.34034776,  0.06344413, -0.34034776],\n",
              "       [ 0.20433323, -0.19237659,  0.21188154,  0.30955951, -0.26949697,\n",
              "        -0.20979262,  0.39470948, -0.64570319,  0.30662046, -0.41188435,\n",
              "         1.        , -0.19693901,  0.60538953,  0.35267572, -0.00553213,\n",
              "        -0.63217562,  0.06686244, -0.04694466,  0.02363547, -0.028498  ,\n",
              "         0.01767337, -0.48755176, -0.19237659, -0.48755176],\n",
              "       [-0.46265514, -0.31934074, -0.15427193, -0.17239695, -0.09188518,\n",
              "        -0.2278478 ,  0.21494798,  0.42433597, -0.17015267,  0.33907438,\n",
              "        -0.19693901,  1.        ,  0.10296235, -0.80802821, -0.04423607,\n",
              "         0.26917126,  0.13620681,  0.13983261,  0.08112388,  0.44527177,\n",
              "         0.33547076, -0.04962502, -0.31934074, -0.04962502],\n",
              "       [-0.00848489,  0.09220603, -0.06363363,  0.28227003, -0.30241257,\n",
              "        -0.24697424,  0.33316815, -0.34346882, -0.03655708, -0.20278915,\n",
              "         0.60538953,  0.10296235,  1.        , -0.20807574, -0.04194087,\n",
              "        -0.60783626, -0.3174921 , -0.50520059, -0.5117173 ,  0.3186992 ,\n",
              "         0.24567645, -0.17422094,  0.09220603, -0.17422094],\n",
              "       [ 0.44800965,  0.01541256,  0.00580475,  0.3623095 ,  0.23037188,\n",
              "         0.3657338 ,  0.01462417, -0.5015025 ,  0.53224188, -0.27251902,\n",
              "         0.35267572, -0.80802821, -0.20807574,  1.        , -0.11818882,\n",
              "        -0.34599718,  0.22832993,  0.26849732,  0.04413304, -0.26616148,\n",
              "        -0.27199685, -0.21954081,  0.01541256, -0.21954081],\n",
              "       [-0.10592164,  0.41936907,  0.709806  ,  0.20299922,  0.36825203,\n",
              "        -0.05879918, -0.2300054 ,  0.31595959, -0.54664648,  0.31434142,\n",
              "        -0.00553213, -0.04423607, -0.04194087, -0.11818882,  1.        ,\n",
              "         0.04703331,  0.02152983, -0.09173867,  0.39304547, -0.20900943,\n",
              "         0.50665575,  0.02204758,  0.41936907,  0.02204758],\n",
              "       [-0.60336114, -0.15324556,  0.20915105, -0.58931263, -0.19614106,\n",
              "        -0.44776404, -0.31214395,  0.35710771, -0.40888896,  0.15948115,\n",
              "        -0.63217562,  0.26917126, -0.60783626, -0.34599718,  0.04703331,\n",
              "         1.        ,  0.06126997,  0.28494698,  0.36561819, -0.12983775,\n",
              "        -0.10896959,  0.51767186, -0.15324556,  0.51767186],\n",
              "       [-0.24780171, -0.48012562,  0.20523298,  0.07681964,  0.26645013,\n",
              "         0.17564417,  0.17723835, -0.08324256,  0.06054248,  0.62104105,\n",
              "         0.06686244,  0.13620681, -0.3174921 ,  0.22832993,  0.02152983,\n",
              "         0.06126997,  1.        ,  0.89539892,  0.55743825, -0.21439614,\n",
              "         0.50092598, -0.66723795, -0.48012562, -0.66723795],\n",
              "       [-0.33941049, -0.5312121 ,  0.11451189,  0.00608607,  0.21924296,\n",
              "         0.08403483,  0.13148664, -0.05329606,  0.17464148,  0.47352728,\n",
              "        -0.04694466,  0.13983261, -0.50520059,  0.26849732, -0.09173867,\n",
              "         0.28494698,  0.89539892,  1.        ,  0.54848899, -0.11667779,\n",
              "         0.29693161, -0.42989543, -0.5312121 , -0.42989543],\n",
              "       [-0.11798696, -0.35444757,  0.68955662, -0.35074307, -0.04650903,\n",
              "        -0.19103437, -0.06863958,  0.02840647, -0.2818802 ,  0.23770458,\n",
              "         0.02363547,  0.08112388, -0.5117173 ,  0.04413304,  0.39304547,\n",
              "         0.36561819,  0.55743825,  0.54848899,  1.        , -0.62971005,\n",
              "         0.12427228, -0.36462905, -0.35444757, -0.36462905],\n",
              "       [-0.21637978,  0.07731445, -0.61317989,  0.47218001,  0.22355546,\n",
              "         0.08698205,  0.24244737,  0.21551391,  0.36410432, -0.02531781,\n",
              "        -0.028498  ,  0.44527177,  0.3186992 , -0.26616148, -0.20900943,\n",
              "        -0.12983775, -0.21439614, -0.11667779, -0.62971005,  1.        ,\n",
              "         0.14414748,  0.28532815,  0.07731445,  0.28532815],\n",
              "       [-0.43600068,  0.02469446,  0.30926817,  0.36745869,  0.37933559,\n",
              "         0.05952822,  0.15264288,  0.18754333, -0.42267708,  0.78883315,\n",
              "         0.01767337,  0.33547076,  0.24567645, -0.27199685,  0.50665575,\n",
              "        -0.10896959,  0.50092598,  0.29693161,  0.12427228,  0.14414748,\n",
              "         1.        , -0.37314713,  0.02469446, -0.37314713],\n",
              "       [-0.21902398,  0.33651414, -0.14170123, -0.14378853, -0.12844095,\n",
              "        -0.27460546, -0.27575018,  0.26008817, -0.16846711, -0.34034776,\n",
              "        -0.48755176, -0.04962502, -0.17422094, -0.21954081,  0.02204758,\n",
              "         0.51767186, -0.66723795, -0.42989543, -0.36462905,  0.28532815,\n",
              "        -0.37314713,  1.        ,  0.33651414,  1.        ],\n",
              "       [ 0.10508988,  1.        , -0.02721361,  0.0826152 ,  0.50937973,\n",
              "         0.17855389, -0.71902122,  0.52319528, -0.16575458,  0.06344413,\n",
              "        -0.19237659, -0.31934074,  0.09220603,  0.01541256,  0.41936907,\n",
              "        -0.15324556, -0.48012562, -0.5312121 , -0.35444757,  0.07731445,\n",
              "         0.02469446,  0.33651414,  1.        ,  0.33651414],\n",
              "       [-0.21902398,  0.33651414, -0.14170123, -0.14378853, -0.12844095,\n",
              "        -0.27460546, -0.27575018,  0.26008817, -0.16846711, -0.34034776,\n",
              "        -0.48755176, -0.04962502, -0.17422094, -0.21954081,  0.02204758,\n",
              "         0.51767186, -0.66723795, -0.42989543, -0.36462905,  0.28532815,\n",
              "        -0.37314713,  1.        ,  0.33651414,  1.        ]])"
            ]
          },
          "metadata": {
            "tags": []
          },
          "execution_count": 13
        }
      ]
    },
    {
      "cell_type": "markdown",
      "metadata": {
        "id": "SPIlufI25HyC"
      },
      "source": [
        "ทำการวนลูปหาค่า correlation ที่ซ้ำกัน เพื่อนำค่าที่ซ้ำกันออก"
      ]
    },
    {
      "cell_type": "code",
      "metadata": {
        "id": "diYL5Zum5F1i",
        "outputId": "6c34c864-4e49-471f-a635-381d3633c368",
        "colab": {
          "base_uri": "https://localhost:8080/"
        }
      },
      "source": [
        "###คำสั่งในการวนลูปเพื่อที่จะหาค่าว่าซ้ำกันหรือไม่ โดยหากมีการแสดงผลข้อมูลนั้นหมายความว่ามีค่าที่ซ้ำกัน\n",
        "for i in range(corr.shape[0]): \n",
        "  for j in range(corr.shape[1]):\n",
        "    if (i != j) and (corr[i,j] == 1.):\n",
        "      print (f' row={i} column={j} corrcoef={corr[i,j]}')"
      ],
      "execution_count": 14,
      "outputs": [
        {
          "output_type": "stream",
          "text": [
            " row=21 column=23 corrcoef=1.0\n",
            " row=23 column=21 corrcoef=1.0\n"
          ],
          "name": "stdout"
        }
      ]
    },
    {
      "cell_type": "markdown",
      "metadata": {
        "id": "fhLB8bbr5KZ8"
      },
      "source": [
        "จากการวนลูป จะเห็นได้ว่ามี correlation ที่ซ้ำกันอยู่ ดังนั้นจึงต้องทำการนำข้อมูลที่ซ้ำกันออกก่อน จึงจะนำข้อมูลไปใช้ได้"
      ]
    },
    {
      "cell_type": "code",
      "metadata": {
        "id": "Zf2edUPy5Jbg",
        "outputId": "b97402f9-69c7-4fef-ec17-a3be47735ed6",
        "colab": {
          "base_uri": "https://localhost:8080/",
          "height": 426
        }
      },
      "source": [
        "new_Data=Data.iloc[:,1:21]\n",
        "new_Data"
      ],
      "execution_count": 15,
      "outputs": [
        {
          "output_type": "execute_result",
          "data": {
            "text/html": [
              "<div>\n",
              "<style scoped>\n",
              "    .dataframe tbody tr th:only-of-type {\n",
              "        vertical-align: middle;\n",
              "    }\n",
              "\n",
              "    .dataframe tbody tr th {\n",
              "        vertical-align: top;\n",
              "    }\n",
              "\n",
              "    .dataframe thead th {\n",
              "        text-align: right;\n",
              "    }\n",
              "</style>\n",
              "<table border=\"1\" class=\"dataframe\">\n",
              "  <thead>\n",
              "    <tr style=\"text-align: right;\">\n",
              "      <th></th>\n",
              "      <th>1</th>\n",
              "      <th>2</th>\n",
              "      <th>3</th>\n",
              "      <th>4</th>\n",
              "      <th>5</th>\n",
              "      <th>6</th>\n",
              "      <th>7</th>\n",
              "      <th>8</th>\n",
              "      <th>9</th>\n",
              "      <th>10</th>\n",
              "      <th>11</th>\n",
              "      <th>12</th>\n",
              "      <th>13</th>\n",
              "      <th>14</th>\n",
              "      <th>15</th>\n",
              "      <th>16</th>\n",
              "      <th>17</th>\n",
              "      <th>18</th>\n",
              "      <th>19</th>\n",
              "      <th>20</th>\n",
              "    </tr>\n",
              "  </thead>\n",
              "  <tbody>\n",
              "    <tr>\n",
              "      <th>0</th>\n",
              "      <td>9.411944</td>\n",
              "      <td>-4.342886</td>\n",
              "      <td>5.562642</td>\n",
              "      <td>7.800577</td>\n",
              "      <td>3.998415</td>\n",
              "      <td>-4.045929</td>\n",
              "      <td>9.552826</td>\n",
              "      <td>-1.797809</td>\n",
              "      <td>7.805792</td>\n",
              "      <td>-6.023139</td>\n",
              "      <td>8.635101</td>\n",
              "      <td>5.608695</td>\n",
              "      <td>-9.909453</td>\n",
              "      <td>4.671751</td>\n",
              "      <td>-4.910691</td>\n",
              "      <td>1.217678</td>\n",
              "      <td>-1.470273</td>\n",
              "      <td>-7.055799</td>\n",
              "      <td>6.219112</td>\n",
              "      <td>7.856466</td>\n",
              "    </tr>\n",
              "    <tr>\n",
              "      <th>1</th>\n",
              "      <td>8.617652</td>\n",
              "      <td>5.074457</td>\n",
              "      <td>-1.021238</td>\n",
              "      <td>9.078507</td>\n",
              "      <td>6.286086</td>\n",
              "      <td>-9.123438</td>\n",
              "      <td>3.400003</td>\n",
              "      <td>3.551891</td>\n",
              "      <td>0.743093</td>\n",
              "      <td>-3.326521</td>\n",
              "      <td>-3.841738</td>\n",
              "      <td>-3.707980</td>\n",
              "      <td>3.709583</td>\n",
              "      <td>4.177034</td>\n",
              "      <td>-5.714455</td>\n",
              "      <td>4.130007</td>\n",
              "      <td>6.188874</td>\n",
              "      <td>4.667649</td>\n",
              "      <td>-4.283802</td>\n",
              "      <td>-3.382692</td>\n",
              "    </tr>\n",
              "    <tr>\n",
              "      <th>2</th>\n",
              "      <td>-4.642101</td>\n",
              "      <td>6.926628</td>\n",
              "      <td>-3.966062</td>\n",
              "      <td>-5.860501</td>\n",
              "      <td>-4.114735</td>\n",
              "      <td>4.268533</td>\n",
              "      <td>-4.183575</td>\n",
              "      <td>-5.296802</td>\n",
              "      <td>6.506682</td>\n",
              "      <td>1.386883</td>\n",
              "      <td>5.283863</td>\n",
              "      <td>7.922392</td>\n",
              "      <td>-4.405592</td>\n",
              "      <td>-1.233136</td>\n",
              "      <td>-5.672375</td>\n",
              "      <td>10.063914</td>\n",
              "      <td>5.185696</td>\n",
              "      <td>3.296712</td>\n",
              "      <td>-6.498706</td>\n",
              "      <td>7.878489</td>\n",
              "    </tr>\n",
              "    <tr>\n",
              "      <th>3</th>\n",
              "      <td>-6.300094</td>\n",
              "      <td>-6.253008</td>\n",
              "      <td>6.011220</td>\n",
              "      <td>-3.681884</td>\n",
              "      <td>4.199132</td>\n",
              "      <td>7.278453</td>\n",
              "      <td>-8.394967</td>\n",
              "      <td>6.648216</td>\n",
              "      <td>-9.720861</td>\n",
              "      <td>0.758025</td>\n",
              "      <td>-0.598839</td>\n",
              "      <td>2.603040</td>\n",
              "      <td>6.939036</td>\n",
              "      <td>-9.705027</td>\n",
              "      <td>-8.683319</td>\n",
              "      <td>2.861638</td>\n",
              "      <td>5.280279</td>\n",
              "      <td>-6.775540</td>\n",
